16524
62756
14813
30478
64726
23031
21905
37658
57232
43272
63089
44383
59572
64720
15554
57183
52152
29131
48380
20362
23796
40451
58339
37780
60582
42763
6007
34232
4673
45226
38120
60713
36032
11060
36325
41266
8343
53279
19407
32294
20313
33167
38195
31009
35086
28346
23634
56885
259
49058
62426
45598
43169
3720
62650
55054
22558
20807
25543
57945
53149
49303
62453
6194
49342
17206
57439
14934
21133
59288
25706
22558
48248
52212
24232
39041
27317
17156
61474
43842
13261
5967
42194
46108
9603
6133
52794
50038
21536
60649
38334
23119
29568
58722
64719
48324
14978
42612
35904
36434
8372
29057
5562
5794
47302
3737
20779
48117
8564
9825
45020
31499
63377
11715
52846
4625
10263
42004
2515
65302
38250
48680
57550
34971
59668
9978
44618
39654
10247
64739
37133
3161
52335
57591
56657
45337
45629
53752
35958
51337
3207
44207
51549
40991
46692
54649
60463
36073
27563
37405
8679
33292
2590
35913
14795
56562
47872
27654
63682
29141
30139
21280
9959
19262
26270
40493
51880
59157
30384
53967
40169
25183
7162
13393
22168
64440
12782
34025
41243
33454
26875
62019
64242
47411
49141
50259
2226
51908
58185
54708
33407
56621
33276
8539
8085
22195
187
19068
42700
57265
7309
13656
13268
57396
19199
55926
4230
26456
2404
65017
28477
4173
454
29254
18873
49665
28541
56511
34682
41274
36902
27790
59683
27396
5525
45899
38030
50576
29430
30066
14595
8695
53392
14712
52417
10205
20299
118
48909
38770
50305
38511
64569
15446
366
31497
22128
16234
11342
31276
19924
35899
24031
40522
19
27406
8497
28963
25091
6415
14150
17129
10360
26174
2176
61427
49088
62417
64877
57885
58857
63238
58241
41315
25297
43711
62092
32544
40164
18372
47691
54541
35326
15977
34210
3231
35809
63171
49116
35197
61162
58643
55695
33300
64231
49295
39655
28828
16558
419
57898
48383
11932
64584
29724
31154
4464
22950
51600
64100
51625
60323
2008
57441
26249
50217
33121
11540
64179
45689
65143
31828
49670
16741
31923
46487
45124
41992
15310
4487
52098
43400
37080
2250
3919
30270
43902
44399
46514
59157
58455
41605
37949
54724
19729
45409
7458
65444
42156
14802
39347
51087
59446
1776
25584
1022
62640
35986
31590
16185
56953
7996
32148
24282
9909
16536
11971
21349
1344
51797
46324
57278
57029
18587
63036
33767
20490
43055
13920
19907
10887
62329
51060
38793
22553
61660
3623
17469
62903
19640
6067
45452
31769
38379
56296
39318
33603
48450
1337
24911
26472
19258
45526
38596
48226
60343
16254
39093
19975
55698
30345
54328
14407
46062
41823
43057
3943
14804
42771
42807
55372
44384
15300
39330
49041
23448
34427
43235
46499
8367
14940
34123
52060
9855
40652
1657
59121
31866
34636
50849
2484
14749
63327
63614
21869
21040
47641
18624
37157
10428
35603
62700
29273
41879
43289
31929
5670
31572
22663
61071
7914
53802
16424
60930
60382
32132
56738
14879
33290
53665
64130
54219
32352
1896
61163
32729
55422
22314
12018
28666
17042
48013
41606
30355
34124
40751
22712
34570
42303
57706
30165
918
51586
2992
43737
48666
30728
60698
60427
49328
37816
19865
34495
14048
47159
63935
41795
55386
51421
898
57933
21328
20641
63562
17620
40406
16687
47317
17632
9519
42269
6291
50429
17821
30079
63560
50644
45018
19271
65267
7465
43160
33294
46355
25226
52477
20863
44244
2905
2784
46502
42606
5385
14085
55924
40691
26746
29974
23750
20770
20396
63106
41111
34857
22202
19838
55804
25419
58764
12746
10831
15381
57366
33916
26051
46741
62079
10387
5325
53492
40128
54811
392
50566
2282
63312
57556
48241
40979
22700
17060
41133
50883
39040
6608
45910
14892
52928
39793
30914
63090
31829
34075
24655
4975
63741
45516
41738
35704
63814
17474
39477
50810
29325
9117
38291
7687
51834
31402
40593
25697
31022
54086
47387
1022
52014
5109
63817
15913
24607
30483
5806
51422
8302
48612
11941
58846
21365
45048
55126
37303
3279
1475
61738
39104
32653
23879
17508
60722
48132
52863
43247
11096
42670
15408
30514
43795
28275
499
22118
8065
44302
8999
12127
39412
36652
29981
26310
50086
43452
21125
22247
29970
26848
29750
58517
6606
39238
25865
37792
57184
24776
20718
35562
52266
58621
25605
58863
1087
55428
39479
42616
42058
36916
25698
48326
22932
6770
23147
23424
53544
749
56000
5962
2585
65030
54715
56344
51112
6079
34399
17558
49685
17434
51235
22166
45133
18668
27552
37519
62449
1342
3936
59367
9260
38643
55360
50374
11587
61071
671
43563
29296
2338
54426
31927
49218
29578
30435
3050
50922
30423
46746
54543
55502
36330
37973
63665
20870
40591
50224
20909
3955
7821
11777
65508
64938
28138
62559
61059
45073
34014
17075
37666
24514
50233
59206
34729
13590
35921
43758
43397
16015
59210
7868
3363
60268
25064
48445
37262
34039
22656
23120
62792
20116
56779
57174
32670
30825
46707
47830
10428
28552
3947
36800
29490
50975
56727
64207
13164
42069
42179
28930
24921
24764
34994
39500
56840
53658
30629
17556
12047
4899
18464
22052
29661
55890
17956
37119
60020
38015
50473
41878
57620
9617
23955
58362
56843
64208
60649
12981
34226
46372
51625
15976
36224
41097
52362
43829
4581
64316
27570
15752
26513
7422
40663
61550
119
30852
14326
443
64807
18104
51559
15035
19562
12131
47527
43179
55734
11506
19942
15751
53026
9273
59407
28100
44399
38090
33328
25248
19621
30166
18888
10555
21986
52720
47194
56495
37823
5254
23861
62239
30219
41445
56781
62447
16423
49514
16270
9514
47873
47104
65294
31099
40173
51967
38441
54093
40616
2012
3044
48842
56774
61174
53220
6203
30256
56039
11753
51257
26129
58590
61133
16471
56893
27937
33214
45756
7318
22579
11364
62168
8950
29785
2419
28169
56157
33731
62769
62989
5737
46190
15568
64994
58158
13216
60013
4345
58363
20058
45717
28241
55947
44525
54016
55766
54220
42784
64488
34795
18477
58961
42787
63002
40266
39633
61813
6789
43369
27361
11342
28180
56421
12105
24578
26082
15614
44213
59732
15178
30989
8535
14461
49473
23330
41361
38096
9754
21750
30323
9662
9180
48104
16207
33342
23632
24531
46131
45189
39354
23880
64745
64625
59320
18030
32284
59511
360
53854
22625
60984
20698
19809
8589
57111
43131
42417
23512
46167
